ndobj4683 0 obj
<</Type /Pages/Kids [4685 0 R 4702 0 R 4704 0 R 4707 0 R 4710 0 R 4713 0 R 4716 0 R 4719 0 R 4723 0 R 4726 0 R 4728 0 R 4730 0 R 4733 0 R 4735 0 R 4737 0 R 4740 0 R 4743 0 R 4746 0 R 4748 0 R 4751 0 R 4753 0 R]/Count 21/Parent 4761 0 R>> endobj4685 0 obj
<</Type /Page/Parent 4683 0 R/MediaBox [0 0 612 792]/Resources <</Font <</F15 4686 0 R/F16 4689 0 R/F17 4692 0 R/F18 4695 0 R/F19 4698 0 R>> /ProcSet [/PDF /Text /ImageB /ImageC]>> /Contents 4701 0 R>> endobj4686 0 obj
<</Type /Font/Subtype /TrueType/BaseFont /OSQAHY+Calibri/Encoding /WinAnsiEncoding/FirstChar 0/LastChar 255/FontDescriptor 4688 0 R/Widths 4687 0 R>> endobj4687 0 obj
[0 0 0 0 0 0 0 0 0 0 0 0 0 0 0 0 0 0 0 0 0 0 0 0 0 0 0 0 0 0 507 507 226 326 401 498 507 715 682 221 303 303 498 498 250 306 252 386 507 507 507 507 507 507 507 507 507 507 268 268 498 498 498 463 894 579 544 533 615 488 459 631 623 252 319 520 420 855 646 662 517 673 543 459 487 642 567 890 519 487 468 307 386 307 498 498 291 479 525 423 525 498 305 471 525 230 239 455 230 799 525 527 525 525 349 391 335 525 452 715 433 453 395 314 460 314 498 507 507 507 250 498 418 690 498 498 395 1038 459 339 867 507 468 507 507 250 250 418 418 498 498 905 450 705 391 339 850 507 395 487 226 326 498 507 498 507 498 498 393 834 402 512 498 306 507 394 339 498 336 334 292 550 586 252 307 246 422 512 636 671 675 463 579 579 579 579 579 579 763 533 488 488 488 488 252 252 252 252 625 646 662 662 662 662 662 498 664 642 642 642 642 487 517 527 479 479 479 479 479 479 773 423 498 498 498 498 230 230 230 230 525 525 527 527 527 527 527 498 529 525 525 525 525 453 525 453]endobj4688 0 obj
<</Type /FontDescriptor/Ascent 952/CapHeight 731/Descent -269/Flags 32/FontBBox [0 -269 1690 952]/ItalicAngle 0/StemV 0/FontFile2 4756 0 R/FontName /OSQAHY+Calibri>> endobj4689 0 obj
<</Type /Font/Subtype /TrueType/BaseFont /OSQAHZ+TimesNewRomanPS-BoldMT/Encoding /WinAnsiEncoding/FirstChar 0/LastChar 255/FontDescriptor 4691 0 R/Widths 4690 0 R>> endobj4690 0 obj
[0 0 0 0 0 0 0 0 0 0 0 0 0 0 0 0 0 0 0 0 0 0 0 0 0 0 0 0 0 0 778 778 250 333 555 500 500 1000 833 278 333 333 500 570 250 333 250 278 500 500 500 500 500 500 500 500 500 500 333 333 570 570 570 500 930 722 667 722 722 667 611 778 778 389 500 778 667 944 722 778 611 778 722 556 667 722 722 1000 722 722 667 333 278 333 581 500 333 500 556 444 556 444 333 500 556 278 333 556 278 833 556 500 556 556 444 389 333 556 500 722 500 500 444 394 220 394 520 778 500 778 333 500 500 1000 500 500 333 1000 556 333 1000 778 667 778 778 333 333 500 500 350 500 1000 333 1000 389 333 722 778 444 722 250 333 500 500 500 500 220 500 333 747 300 500 570 333 747 500 400 549 300 300 333 576 540 333 333 300 330 500 750 750 750 500 722 722 722 722 722 722 1000 722 667 667 667 667 389 389 389 389 722 722 778 778 778 778 778 570 778 722 722 722 722 722 611 556 500 500 500 500 500 500 722 444 444 444 444 444 278 278 278 278 500 556 500 500 500 500 500 549 500 556 556 556 556 500 556 500]endobj4691 0 obj
<</Type /FontDescriptor/Ascent 891/CapHeight 784/Descent -216/Flags 34/FontBBox [0 -216 2558 891]/ItalicAngle 0/StemV 0/FontFile2 4757 0 R/FontName /OSQAHZ+TimesNewRomanPS-BoldMT>> endobj4692 0 obj
<</Type /Font/Subtype /TrueType/BaseFont /OSQAIA+TimesNewRomanPSMT/Encoding /WinAnsiEncoding/FirstChar 0/LastChar 255/FontDescriptor 4694 0 R/Widths 4693 0 R>> endobj4693 0 obj
[0 0 0 0 0 0 0 0 0 0 0 0 0 0 0 0 0 0 0 0 0 0 0 0 0 0 0 0 0 0 778 778 250 333 408 500 500 833 778 180 333 333 500 564 250 333 250 278 500 500 500 500 500 500 500 500 500 500 278 278 564 564 564 444 921 722 667 667 722 611 556 722 722 333 389 722 611 889 722 722 556 722 667 556 611 722 722 944 722 722 611 333 278 333 469 500 333 444 500 444 500 444 333 500 500 278 278 500 278 778 500 500 500 500 333 389 278 500 500 722 500 500 444 480 200 480 541 778 500 778 333 500 444 1000 500 500 333 1000 556 333 889 778 611 778 778 333 333 444 444 350 500 1000 333 980 389 333 722 778 444 722 250 333 500 500 500 500 200 500 333 760 276 500 564 333 760 500 400 549 300 300 333 576 453 333 333 300 310 500 750 750 750 444 722 722 722 722 722 722 889 667 611 611 611 611 333 333 333 333 722 722 722 722 722 722 722 564 722 722 722 722 722 722 556 500 444 444 444 444 444 444 667 444 444 444 444 444 278 278 278 278 500 500 500 500 500 500 500 549 500 500 500 500 500 500 500 500]endobj4694 0 obj
<</Type /FontDescriptor/Ascent 891/CapHeight 784/Descent -216/Flags 34/FontBBox [0 -216 2568 891]/ItalicAngle 0/StemV 0/FontFile2 4758 0 R/FontName /OSQAIA+TimesNewRomanPSMT>> endobj4695 0 obj
<</Type /Font/Subtype /TrueType/BaseFont /OSQAIB+TimesNewRomanPS-BoldItalicMT/Encoding /WinAnsiEncoding/FirstChar 0/LastChar 255/FontDescriptor 4697 0 R/Widths 4696 0 R>> endobj4696 0 obj
[0 0 0 0 0 0 0 0 0 0 0 0 0 0 0 0 0 0 0 0 0 0 0 0 0 0 0 0 0 0 778 778 250 389 555 500 500 833 778 278 333 333 500 570 250 333 250 278 500 500 500 500 500 500 500 500 500 500 333 333 570 570 570 500 832 667 667 667 722 667 667 722 778 389 500 667 611 889 722 722 611 722 667 556 611 722 667 889 667 611 611 333 278 333 570 500 333 500 500 444 500 444 333 500 556 278 278 500 278 778 556 500 500 500 389 389 278 556 444 667 500 444 389 348 220 348 570 778 500 778 333 500 500 1000 500 500 333 1000 556 333 944 778 611 778 778 333 333 500 500 350 500 1000 333 1000 389 333 722 778 389 611 250 389 500 500 500 500 220 500 333 747 266 500 606 333 747 500 400 549 300 300 333 576 500 250 333 300 300 500 750 750 750 500 667 667 667 667 667 667 944 667 667 667 667 667 389 389 389 389 722 722 722 722 722 722 722 570 722 722 722 722 722 611 611 500 500 500 500 500 500 500 722 444 444 444 444 444 278 278 278 278 500 556 500 500 500 500 500 549 500 556 556 556 556 444 500 444]endobj4697 0 obj
<</Type /FontDescriptor/Ascent 891/CapHeight 784/Descent -216/Flags 98/FontBBox [0 -216 1948 891]/ItalicAngle 0/StemV 0/FontFile2 4759 0 R/FontName /OSQAIB+TimesNewRomanPS-BoldItalicMT>> endobj4698 0 obj
<</Type /Font/Subtype /TrueType/BaseFont /OSQAIC+TimesNewRomanPS-ItalicMT/Encoding /WinAnsiEncoding/FirstChar 0/LastChar 255/FontDescriptor 4700 0 R/Widths 4699 0 R>> endobj4699 0 obj
[0 0 0 0 0 0 0 0 0 0 0 0 0 0 0 0 0 0 0 0 0 0 0 0 0 0 0 0 0 0 778 778 250 333 420 500 500 833 778 214 333 333 500 675 250 333 250 278 500 500 500 500 500 500 500 500 500 500 333 333 675 675 675 500 920 611 611 667 722 611 611 722 722 333 444 667 556 833 667 722 611 722 611 500 556 722 611 833 611 556 556 389 278 389 422 500 333 500 500 444 500 444 278 500 500 278 278 444 278 722 500 500 500 500 389 389 278 500 444 667 444 444 389 400 275 400 541 778 500 778 333 500 556 889 500 500 333 1000 500 333 944 778 556 778 778 333 333 556 556 350 500 889 333 980 389 333 667 778 389 556 250 389 500 500 500 500 275 500 333 760 276 500 675 333 760 500 400 549 300 300 333 576 523 250 333 300 310 500 750 750 750 500 611 611 611 611 611 611 889 667 611 611 611 611 333 333 333 333 722 667 722 722 722 722 722 675 722 722 722 722 722 556 611 500 500 500 500 500 500 500 667 444 444 444 444 444 278 278 278 278 500 500 500 500 500 500 500 549 500 500 500 500 500 444 500 444]endobj4700 0 obj
<</Type /FontDescriptor/Ascent 891/CapHeight 784/Descent -216/Flags 98/FontBBox [0 -216 1850 891]/ItalicAngle 0/StemV 0/FontFile2 4760 0 R/FontName /OSQAIC+TimesNewRomanPS-ItalicMT>> endobj4701 0 obj
<</Length 1154/Filter /FlateDecode>> stream
x