R/FontName /EPAZTY+Calibri>> endobj8867 0 obj
<</Type /Font/Subtype /TrueType/BaseFont /EPAZTZ+TimesNewRomanPS-BoldMT/Encoding /WinAnsiEncoding/FirstChar 0/LastChar 255/FontDescriptor 8869 0 R/Widths 8868 0 R>> endobj8868 0 obj
[0 0 0 0 0 0 0 0 0 0 0 0 0 0 0 0 0 0 0 0 0 0 0 0 0 0 0 0 0 0 778 778 250 333 555 500 500 1000 833 278 333 333 500 570 250 333 250 278 500 500 500 500 500 500 500 500 500 500 333 333 570 570 570 500 930 722 667 722 722 667 611 778 778 389 500 778 667 944 722 778 611 778 722 556 667 722 722 1000 722 722 667 333 278 333 581 500 333 500 556 444 556 444 333 500 556 278 333 556 278 833 556 500 556 556 444 389 333 556 500 722 500 500 444 394 220 394 520 778 500 778 333 500 500 1000 500 500 333 1000 556 333 1000 778 667 778 778 333 333 500 500 350 500 1000 333 1000 389 333 722 778 444 722 250 333 500 500 500 500 220 500 333 747 300 500 570 333 747 500 400 549 300 300 333 576 540 333 333 300 330 500 750 750 750 500 722 722 722 722 722 722 1000 722 667 667 667 667 389 389 389 389 722 722 778 778 778 778 778 570 778 722 722 722 722 722 611 556 500 500 500 500 500 500 722 444 444 444 444 444 278 278 278 278 500 556 500 500 500 500 500 549 500 556 556 556 556 500 556 500]endobj8869 0 obj
<</Type /FontDescriptor/Ascent 891/CapHeight 784/Descent -216/Flags 34/FontBBox [0 -216 2558 891]/ItalicAngle 0/StemV 0/FontFile2 8924 0 R/FontName /EPAZTZ+TimesNewRomanPS-BoldMT>> endobj8870 0 obj
<</Type /Font/Subtype /TrueType/BaseFont /EPAZUA+TimesNewRomanPSMT/Encoding /WinAnsiEncoding/FirstChar 0/LastChar 255/FontDescriptor 8872 0 R/Widths 8871 0 R>> endobj8871 0 obj
[0 0 0 0 0 0 0 0 0 0 0 0 0 0 0 0 0 0 0 0 0 0 0 0 0 0 0 0 0 0 778 778 250 333 408 500 500 833 778 180 333 333 500 564 250 333 250 278 500 500 500 500 500 500 500 500 500 500 278 278 564 564 564 444 921 722 667 667 722 611 556 722 722 333 389 722 611 889 722 722 556 722 667 556 611 722 722 944 722 722 611 333 278 333 469 500 333 444 500 444 500 444 333 500 500 278 278 500 278 778 500 500 500 500 333 389 278 500 500 722 500 500 444 480 200 480 541 778 500 778 333 500 444 1000 500 500 333 1000 556 333 889 778 611 778 778 333 333 444 444 350 500 1000 333 980 389 333 722 778 444 722 250 333 500 500 500 500 200 500 333 760 276 500 564 333 760 500 400 549 300 300 333 576 453 333 333 300 310 500 750 750 750 444 722 722 722 722 722 722 889 667 611 611 611 611 333 333 333 333 722 722 722 722 722 722 722 564 722 722 722 722 722 722 556 500 444 444 444 444 444 444 667 444 444 444 444 444 278 278 278 278 500 500 500 500 500 500 500 549 500 500 500 500 500 500 500 500]endobj8872 0 obj
<</Type /FontDescriptor/Ascent 891/CapHeight 784/Descent -216/Flags 34/FontBBox [0 -216 2568 891]/ItalicAngle 0/StemV 0/FontFile2 8925 0 R/FontName /EPAZUA+TimesNewRomanPSMT>> endobj8873 0 obj
<</Type /Font/Subtype /TrueType/BaseFont /EPAZUB+TimesNewRomanPS-ItalicMT/Encoding /WinAnsiEncoding/FirstChar 0/LastChar 255/FontDescriptor 8875 0 R/Widths 8874 0 R>> endobj8874 0 obj
[0 0 0 0 0 0 0 0 0 0 0 0 0 0 0 0 0 0 0 0 0 0 0 0 0 0 0 0 0 0 778 778 250 333 420 500 500 833 778 214 333 333 500 675 250 333 250 278 500 500 500 500 500 500 500 500 500 500 333 333 675 675 675 500 920 611 611 667 722 611 611 722 722 333 444 667 556 833 667 722 611 722 611 500 556 722 611 833 611 556 556 389 278 389 422 500 333 500 500 444 500 444 278 500 500 278 278 444 278 722 500 500 500 500 389 389 278 500 444 667 444 444 389 400 275 400 541 778 500 778 333 500 556 889 500 500 333 1000 500 333 944 778 556 778 778 333 333 556 556 350 500 889 333 980 389 333 667 778 389 556 250 389 500 500 500 500 275 500 333 760 276 500 675 333 760 500 400 549 300 300 333 576 523 250 333 300 310 500 750 750 750 500 611 611 611 611 611 611 889 667 611 611 611 611 333 333 333 333 722 667 722 722 722 722 722 675 722 722 722 722 722 556 611 500 500 500 500 500 500 500 667 444 444 444 444 444 278 278 278 278 500 500 500 500 500 500 500 549 500 500 500 500 500 444 500 444]endobj8875 0 obj
<</Type /FontDescriptor/Ascent 891/CapHeight 784/Descent -216/Flags 98/FontBBox [0 -216 1850 891]/ItalicAngle 0/StemV 0/FontFile2 8926 0 R/FontName /EPAZUB+TimesNewRomanPS-ItalicMT>> endobj8876 0 obj
<</Type /Font/Subtype /TrueType/BaseFont /EPAZUC+TimesNewRomanPS-BoldItalicMT/Encoding /WinAnsiEncoding/FirstChar 0/LastChar 255/FontDescriptor 8878 0 R/Widths 8877 0 R>> endobj8877 0 obj
[0 0 0 0 0 0 0 0 0 0 0 0 0 0 0 0 0 0 0 0 0 0 0 0 0 0 0 0 0 0 778 778 250 389 555 500 500 833 778 278 333 333 500 570 250 333 250 278 500 500 500 500 500 500 500 500 500 500 333 333 570 570 570 500 832 667 667 667 722 667 667 722 778 389 500 667 611 889 722 722 611 722 667 556 611 722 667 889 667 611 611 333 278 333 570 500 333 500 500 444 500 444 333 500 556 278 278 500 278 778 556 500 500 500 389 389 278 556 444 667 500 444 389 348 220 348 570 778 500 778 333 500 500 1000 500 500 333 1000 556 333 944 778 611 778 778 333 333 500 500 350 500 1000 333 1000 389 333 722 778 389 611 250 389 500 500 500 500 220 500 333 747 266 500 606 333 747 500 400 549 300 300 333 576 500 250 333 300 300 500 750 750 750 500 667 667 667 667 667 667 944 667 667 667 667 667 389 389 389 389 722 722 722 722 722 722 722 570 722 722 722 722 722 611 611 500 500 500 500 500 500 500 722 444 444 444 444 444 278 278 278 278 500 556 500 500 500 500 500 549 500 556 556 556 556 444 500 444]endobj8878 0 obj
<</Type /FontDescriptor/Ascent 891/CapHeight 784/Descent -216/Flags 98/FontBBox [0 -216 1948 891]/ItalicAngle 0/StemV 0/FontFile2 8927 0 R/FontName /EPAZUC+TimesNewRomanPS-BoldItalicMT>> endobj8879 0 obj
<</Length 1649/Filter /FlateDecode>> stream
x